0
0
0
2.334273
0
0
0
0
0.405731
1.060883
12.620659
0.617128
1.391024
2.388596
6.419028
13.840825
0
20.105391
3.995099
0.702871
3.670806
2.45589
24.329326
24.440212
12.801391
0
0
0
0
19.234687
5.021095
1.757057
0
9.118676
2.929464
10.332678
0.136915
0
0
3.643532
9.636131
5.672738
15.977989
23.340471
15.914164
0.432792
8.074452
1.430471
0
0
16.849544
15.165557
13.453899
12.382504
0.240974
2.182032
4.625265
23.577304
0.951163
12.153125
0
7.311936
0.236581
0.890939
13.24016
0.84884
0.851353
20.724691
5.118021
0.253278
1.463492
0
0
0
0
0
0
0
0
0
0
0
0.395741
0
0
0
0
0
0
0
0
0
0
0
0
0
0
0
0
0
0
0
0.286515
4.44997
3.590105
0.239184
10.180842
19.693772
0.583263
0
0
0
0.077248
0
0
0
0
0
0
0
0
0
0
0
0
0
0
13.797462
7.386806
0
0
0
0
0
12.251748
11.63702
3.22377
0
0
0
0
0
0
0
0
0
0
0
0
0
0
0
0
0
0
0
0
0
0
4.210076
0
0
0
0
0
0
0
0
0
0
0
0
0
0
0
0
0
0
0
0
0
0
0
0
0
0
0
0
0
0
0
0
0
0
0
0
0
0
0
0
0
0
0
0
0
0
0
0
0
0
0
0
0
0
1.783215
0
0
0
0
0
0
0
0
0
0
0
0
0
0
0
0
0
0
0
0
0
0
0
0
0
0
0
0
3.681991
1.116219
0
0
0
0
0
0
0
0
0
0
0
0.375075
0.935186
0
0
0
0
0
0
0
0.265753
0
0
0
0
0
0
0
0
0
0
0
0
0
0
0
0
3.055418
5.047906
0.717707
0
0
0
0
0
0
0
0
0.473267
0
0
0
0
4.833454
16.672934
1.649612
9.145763
9.897626
6.125652
0.231415
0
0
0
0
0
0
0
0
1.078801
1.581488
0
0
5.509917
1.304405
0.48191
1.402194
0
0
0
0
3.917693
0
0
0
0
0.241381
0.251557
0
9.771374
0
0
0
0
0
0
0
2.13759
0.331399
0.135098
0
1.660115
2.449528
2.830733
2.853374
1.792916
0
0
0
0
0
2.321367
0.401017
0
0.284616
0
0
0
0
0
0
0
